Thank 6 [172.07999999999998, 2674.86, 2992.86, 5379.84, 5390.84, 5577.84]
What's 10 [566.4, 1182.6, 1186.6, 1526.6, 1548.6, 2474.86, 3710.86, 3718.86, 4207.86, 5637.84]
deal 5 [566.4, 2342.86, 4056.86, 4298.86, 5908.34]
same 7 [566.4, 1476.6, 2748.86, 3250.86, 3250.86, 4582.62, 6139.84]
mean 10 [566.4, 1162.6, 1162.6, 1568.6, 2448.86, 2480.86, 2825.86, 2841.86, 4176.86, 4399.86]
devil 9 [584.4, 6687.2, 6696.8, 6696.8, 6696.8, 6705.04, 6717.44, 6724.92, 6735.84]
behind 10 [584.4, 798.36, 1786.6, 1786.6, 6687.2, 6696.8, 6705.04, 6717.44, 6724.92, 6735.84]
wheel 9 [584.4, 798.36, 3364.86, 6687.2, 6696.8, 6705.04, 6717.44, 6724.92, 6735.84]
else 5 [584.4, 3080.86, 3250.86, 4022.86, 4331.86]
there's 6 [584.4, 591.16, 1867.86, 2915.86, 3520.86, 4411.86]
wrong 6 [584.4, 591.16, 1218.6, 3242.86, 4005.86, 4013.86]
saying 6 [591.16, 1446.6, 3128.86, 3348.86, 4047.86, 5211.84]
nothing 6 [591.16, 2144.86, 4155.86, 4714.9, 4721.74, 5820.84]
little 10 [591.16, 630.56, 2404.86, 3042.86, 4087.86, 4093.86, 4285.86, 4289.86, 4546.14, 5805.84]
why 6 [591.16, 3382.86, 3729.86, 4022.86, 6247.84, 6261.84]
first 8 [598.0, 2781.86, 3090.86, 4285.86, 4289.86, 4327.86, 4333.86, 5685.84]
Are 6 [615.56, 1088.6, 2734.86, 3030.86, 3200.86, 5653.84]
leave 6 [630.56, 3704.86, 3706.86, 3708.86, 4097.86, 5302.84]
find 6 [638.28, 658.32, 2158.86, 2328.86, 3685.86, 4725.38]
what's 8 [638.28, 1544.6, 2354.86, 2777.86, 3942.86, 3951.86, 4783.66, 4792.02]
those 10 [638.28, 2274.86, 2918.86, 3302.86, 3782.86, 4393.86, 5778.84, 5779.84, 5782.84, 6475.84]
ears 5 [638.28, 1294.6, 3242.86, 3246.86, 3422.86]
course 5 [638.28, 1370.6, 3793.86, 3797.86, 4597.62]
Just 8 [647.68, 1146.6, 3090.86, 3182.86, 3689.86, 4072.86, 4562.86, 5323.84]
than 7 [647.68, 924.08, 2392.86, 3136.86, 4120.86, 5835.84, 6379.84]
keep 6 [650.68, 1472.6, 2236.86, 2434.86, 2793.86, 5626.84]
these 5 [658.32, 785.12, 2520.86, 3467.86, 4185.86]
All 8 [666.84, 1568.6, 1818.6, 1889.86, 3795.86, 5392.84, 5399.84, 6486.84]
ever 9 [666.84, 1112.6, 3222.86, 3735.86, 3874.86, 4120.86, 5710.84, 5874.64, 6415.84]
if 9 [674.52, 716.84, 1080.6, 1112.6, 1174.6, 2328.86, 4118.86, 4541.7, 4552.62]
Got 5 [684.84, 1710.6, 1730.6, 1905.86, 1907.86]
getting 8 [704.56, 2170.86, 2418.86, 3981.86, 3983.86, 4730.82, 6019.84, 6020.84]
enough 6 [704.56, 1362.6, 2851.86, 3374.86, 4535.38, 5868.14]
okay 6 [716.84, 2813.86, 3176.86, 5653.84, 5825.84, 6071.84]
again 6 [716.84, 798.36, 1468.6, 2240.86, 3174.86, 3572.86]
tonight 7 [726.8, 726.8, 3124.86, 3514.86, 4305.86, 4775.3, 5612.84]
buddy 10 [726.8, 3284.86, 3380.86, 3559.86, 3853.86, 4079.86, 4146.86, 5789.84, 6071.84, 6102.84]
once 6 [744.28, 1374.6, 1374.6, 2430.86, 3380.86, 5878.94]
Don't 8 [755.0, 757.12, 1274.6, 2787.86, 4070.86, 4737.82, 5799.84, 5872.14]
listen 7 [757.12, 1290.6, 1298.6, 3246.86, 3292.86, 4606.26, 5358.84]
day 5 [764.28, 1108.6, 3246.86, 4775.3, 6477.84]
done 9 [779.16, 1334.6, 2093.86, 2095.86, 2686.86, 3178.86, 4069.86, 4298.86, 5822.84]
wait 5 [785.12, 1572.6, 1572.6, 4357.86, 6477.84]
give 5 [793.64, 2696.86, 2742.86, 2767.86, 3090.86]
them 8 [798.36, 1354.6, 2254.86, 2915.86, 3398.86, 3874.86, 4185.86, 4189.86]
into 6 [814.28, 3448.86, 4093.86, 4101.86, 4382.86, 6382.84]
working 6 [904.28, 927.24, 1330.6, 2268.86, 2480.86, 3032.86]
still 8 [927.24, 1310.6, 3172.86, 3733.86, 5344.84, 5607.84, 6464.84, 6475.84]
had 7 [932.84, 1310.6, 3286.86, 3296.86, 3298.86, 3366.86, 6426.84]
end 5 [932.84, 2946.86, 3412.86, 3927.86, 6021.84]
foot 6 [932.84, 3356.86, 4901.9, 5844.84, 5849.84, 5863.84]
really 6 [1052.6, 2226.86, 4628.46, 6148.84, 6159.84, 6225.84]
fine 6 [1076.6, 1100.6, 2803.86, 3797.86, 5614.84, 5847.84]
worry 5 [1080.6, 2835.86, 2849.86, 4535.38, 4646.66]
Hello 5 [1096.6, 2608.86, 5351.84, 5429.84, 5459.84]
that's 8 [1104.6, 1174.6, 1845.8, 2202.86, 2450.86, 2843.86, 3457.86, 4107.86]
driver 7 [1120.6, 1859.86, 2382.86, 2753.86, 4725.38, 4730.82, 4743.74]
drive 6 [1124.6, 1294.6, 2304.86, 3174.86, 3358.86, 4382.86]
around 10 [1124.6, 1354.6, 2164.86, 2922.86, 3238.86, 3290.86, 3292.86, 3486.86, 4045.86, 4594.06]
guess 6 [1124.6, 2266.86, 2694.86, 3735.86, 4072.86, 4399.86]
Maybe 8 [1132.6, 1132.6, 4082.86, 4093.86, 4095.86, 4097.86, 4099.86, 4101.86]
last 9 [1136.6, 1538.6, 2138.86, 3590.86, 4028.86, 4138.86, 4411.86, 6695.8, 6726.84]
road 8 [1136.6, 1146.6, 1492.6, 4602.42, 4737.82, 5687.84, 6221.84, 6482.84]
head 5 [1140.6, 3186.86, 3272.86, 3478.86, 6402.84]
well 7 [1158.6, 1488.6, 1961.86, 2452.86, 3378.86, 4327.86, 4378.86]
sure 9 [1162.6, 1374.6, 1957.86, 2136.86, 2152.86, 3004.86, 3048.86, 4248.86, 4562.86]
only 8 [1170.6, 1278.6, 3752.86, 4364.86, 4366.86, 4409.86, 5791.84, 5849.84]
question 5 [1182.6, 1250.6, 1442.6, 2740.86, 2740.86]
song 10 [1182.6, 1186.6, 1572.6, 2198.86, 2250.86, 2302.86, 3366.86, 3368.86, 3392.86, 4606.26]
love 10 [1202.6, 1210.6, 2771.86, 3809.86, 3870.86, 5498.84, 5509.84, 5519.84, 5878.94, 6486.84]
When 5 [1214.6, 2712.86, 3927.86, 4005.86, 6417.84]
stop 8 [1222.6, 1226.6, 1366.6, 3196.86, 3957.86, 3957.86, 3957.86, 3961.86]
won't 5 [1226.6, 3384.86, 3607.86, 4185.86, 4189.86]
My 5 [1246.6, 2230.86, 4194.86, 5353.84, 5494.84]
put 6 [1278.6, 1925.86, 3356.86, 3467.86, 3570.86, 4230.86]
She 6 [1286.6, 2232.86, 2316.86, 3084.86, 5496.84, 6233.84]
Not 8 [1294.6, 1790.6, 1790.6, 2396.86, 3509.86, 3600.86, 3919.86, 5764.84]
Why 10 [1298.6, 1446.6, 2684.86, 3046.86, 3386.86, 3698.86, 4597.62, 4714.9, 5822.84, 6277.84]
Your 7 [1322.6, 2190.86, 2294.86, 5182.02, 5466.84, 5915.84, 6072.84]
used 7 [1326.6, 2180.86, 2316.86, 3290.86, 3294.86, 3314.86, 6464.84]
then 7 [1326.6, 1338.6, 2716.86, 4303.86, 4552.62, 5687.84, 5857.84]
Who 6 [1334.6, 2252.86, 2644.86, 2666.86, 3040.86, 5648.84]
word 7 [1338.6, 1446.6, 1941.86, 4138.86, 4295.86, 4300.86, 4305.86]
never 10 [1342.6, 2306.86, 2460.86, 2748.86, 2913.86, 3196.86, 3364.86, 3366.86, 5595.84, 6421.84]
cops 9 [1346.6, 1492.6, 4322.86, 4326.86, 4602.42, 4616.06, 4737.82, 5908.34, 5910.84]
every 6 [1354.6, 2718.86, 2722.86, 2753.86, 4730.82, 5791.84]
boy 9 [1358.6, 1358.6, 1686.6, 1698.6, 3002.86, 4032.86, 4416.86, 4448.86, 4586.02]
said 8 [1358.6, 1560.6, 2686.86, 4382.86, 4422.86, 4616.06, 5675.84, 6399.84]
since 6 [1362.6, 2178.86, 2753.86, 4395.86, 4730.82, 6415.84]
old 8 [1362.6, 2418.86, 2668.86, 3006.86, 3092.86, 4022.86, 4024.86, 5358.84]
lot 5 [1366.6, 2700.86, 2702.86, 3482.86, 6472.84]
didn't 6 [1366.6, 1370.6, 3406.86, 4712.26, 4714.9, 6389.84]
though 7 [1366.6, 1850.2, 1861.86, 2470.86, 4597.62, 6461.84, 6469.84]
because 7 [1366.6, 1464.6, 2140.86, 2771.86, 2936.86, 3238.86, 3809.86]
by 10 [1370.6, 2252.86, 2730.86, 2940.86, 3394.86, 3396.86, 3490.86, 4359.86, 6063.84, 6434.84]
down 5 [1374.6, 1446.6, 3416.86, 5660.84, 5662.84]
talk 5 [1390.6, 1416.6, 2386.86, 2821.86, 3603.86]
would 6 [1446.6, 3698.86, 4210.86, 4714.9, 5480.84, 6372.84]
play 8 [1446.6, 2336.86, 3314.86, 3482.86, 4087.86, 4087.86, 4619.98, 4656.46]
ain't 9 [1450.6, 1504.6, 1690.6, 3410.86, 3735.86, 4069.86, 4378.86, 4401.86, 5774.84]
even 5 [1450.6, 2226.86, 3088.86, 4616.06, 6417.84]
has 5 [1464.6, 2232.86, 3250.86, 3446.86, 6233.84]
should 6 [1468.6, 1560.6, 3603.86, 4024.86, 5822.84, 5868.14]
away 6 [1472.6, 2708.86, 3380.86, 3878.86, 4628.46, 6135.84]
ready 6 [1480.6, 1496.6, 2865.86, 3872.86, 4424.86, 4562.86]
Fuck 10 [1508.6, 1782.6, 3406.86, 3619.86, 3851.86, 5631.84, 5635.84, 6014.84, 6075.84, 6102.84]
ours 5 [1526.6, 1544.6, 1548.6, 4783.66, 4792.02]
night 8 [1538.6, 2676.86, 2710.86, 2718.86, 2722.86, 2795.86, 3292.86, 3522.86]
Okay 8 [1580.6, 2394.86, 3505.86, 4224.86, 4244.86, 4246.86, 4721.74, 5833.84]
Watch 6 [1650.6, 1650.6, 1654.6, 1658.6, 3262.86, 4656.46]
huh 6 [1690.6, 2680.86, 3108.86, 3232.86, 3416.86, 5710.84]
damn 5 [1726.6, 1905.86, 1907.86, 2302.86, 5828.84]
Joe 7 [1726.6, 3108.86, 4646.66, 5281.84, 5281.84, 5281.84, 5281.84]
let's 9 [1734.6, 1738.6, 1766.6, 1770.6, 3770.86, 3892.86, 4407.86, 4792.02, 5631.84]
move 7 [1738.6, 1738.6, 1738.6, 1899.86, 2148.86, 3234.86, 3890.86]
come 9 [1794.6, 1794.6, 2142.86, 2156.86, 3400.86, 3516.86, 4549.42, 4616.06, 5624.84]
number 5 [1822.6, 2928.86, 2932.86, 2934.86, 2934.86]
bad 8 [1861.86, 2696.86, 2698.86, 4226.86, 4369.86, 5515.84, 5838.84, 6382.84]
everybody 5 [1871.86, 1873.86, 1881.86, 1883.86, 6277.84]
Because 8 [1919.86, 2936.86, 3382.86, 3388.86, 4153.86, 5838.84, 5844.84, 5863.84]
yeah 5 [1961.86, 2400.86, 2736.86, 4038.86, 4045.86]
before 5 [1961.86, 2178.86, 3372.86, 3600.86, 5710.84]
crazy 7 [1961.86, 3312.86, 3400.86, 3925.86, 3927.86, 3929.86, 4138.86]
leaving 6 [2085.86, 2087.86, 2089.86, 2091.86, 2097.86, 3678.86]
stone 9 [2099.86, 2101.86, 2103.86, 2105.86, 2107.86, 2109.86, 2111.86, 2113.86, 2115.86]
bow 9 [2099.86, 2101.86, 2103.86, 2105.86, 2107.86, 2109.86, 2111.86, 2113.86, 2115.86]
Then 7 [2138.86, 2300.86, 3400.86, 3735.86, 4546.14, 5791.84, 5847.84]
Can 5 [2142.86, 4043.86, 4619.98, 5653.84, 5727.84]
work 5 [2144.86, 2148.86, 2180.86, 2316.86, 4087.86]
Uh 6 [2146.86, 2328.86, 2670.86, 2998.86, 4045.86, 4191.86]
run 6 [2160.86, 2306.86, 2308.86, 4097.86, 4546.14, 5899.34]
will 8 [2164.86, 2819.86, 2922.86, 3126.86, 4155.86, 4276.86, 4352.86, 6428.84]
two 10 [2170.86, 2246.86, 2742.86, 4127.86, 4131.86, 4530.66, 4567.3, 5612.84, 5831.84, 5835.84]
mom 5 [2180.86, 2310.86, 2406.86, 2424.86, 6225.84]
Mary 5 [2230.86, 2234.86, 2234.86, 2236.86, 2238.86]
A 5 [2264.86, 2266.86, 2642.86, 2664.86, 2779.86]
How 6 [2274.86, 3006.86, 4047.86, 4833.78, 5612.84, 6372.84]
could 10 [2304.86, 2328.86, 2444.86, 2454.86, 2696.86, 2712.86, 4120.86, 4386.86, 6148.84, 6159.84]
uh 8 [2318.86, 2388.86, 2448.86, 2454.86, 2789.86, 3070.86, 3685.86, 4034.86]
she 8 [2320.86, 2322.86, 2328.86, 2426.86, 3048.86, 3086.86, 5505.84, 5509.84]
they're 5 [2430.86, 2936.86, 3937.86, 5344.84, 5344.84]
nice 5 [2452.86, 2462.86, 2468.86, 3082.86, 4165.86]
driving 6 [2482.86, 3196.86, 4552.62, 4743.74, 4751.02, 5842.84]
guys 6 [2520.86, 3480.86, 3494.86, 4034.86, 4116.86, 4174.86]
show 9 [2646.86, 2648.86, 2652.86, 2654.86, 2656.86, 2658.86, 3096.86, 3350.86, 5653.84]
Good 6 [2678.86, 2795.86, 3138.86, 4573.98, 5480.84, 6686.2]
news 10 [2696.86, 2696.86, 2698.86, 2700.86, 2702.86, 5331.84, 5838.84, 5840.84, 5842.84, 5849.84]
doing 8 [2722.86, 2763.86, 4420.86, 4559.02, 4646.66, 5612.84, 5614.84, 6219.84]
Yes 5 [2751.86, 2755.86, 3126.86, 4283.86, 5511.84]
way 5 [2793.86, 3350.86, 4079.86, 4118.86, 4364.86]
seen 5 [2926.86, 3234.86, 3284.86, 3874.86, 4149.86]
inside 5 [2928.86, 3465.86, 5392.84, 5399.84, 6405.84]
open 5 [2932.86, 2984.86, 3066.86, 3633.86, 5774.84]
five 6 [3032.86, 3463.86, 3472.86, 5714.84, 6434.84, 6438.84]
three 6 [3066.86, 3422.86, 4049.86, 4101.86, 4409.86, 5271.84]
bitch 5 [3108.86, 3114.86, 3847.86, 4219.86, 4712.26]
thought 5 [3178.86, 3946.86, 5805.84, 5894.34, 5899.34]
gas 5 [3356.86, 4901.9, 5844.84, 5849.84, 5863.84]
guy 10 [3446.86, 3581.86, 3583.86, 3583.86, 3586.86, 3588.86, 4397.86, 4401.86, 4405.86, 5646.84]
Buddy 5 [3463.86, 3476.86, 3937.86, 4397.86, 4401.86]
bats 6 [3486.86, 3598.86, 3851.86, 3927.86, 3929.86, 4535.38]
shot 8 [3851.86, 3857.86, 4395.86, 5646.84, 5653.84, 5662.84, 5710.84, 5789.84]
died 5 [4310.86, 4313.86, 4316.86, 4318.86, 4320.86]
police 5 [4600.3, 5271.84, 5344.84, 5344.84, 5406.84]
